file: ./DataFiles/Geographical/ulysses16.tsp
type: Geographical
best: 6859

path: 8 14 15 6 5 11 9 10 7 12 13 16 1 3 2 4 8
distance: 6922
efficiency: 100.92
FIN

time: 1.068133 / 1.111453
start: 1935
  end: 1070068
